{
 "cells": [
  {
   "cell_type": "code",
   "execution_count": 2,
   "metadata": {},
   "outputs": [],
   "source": [
    "import pandas as pd\n",
    "\n",
    "import seaborn as sns\n",
    "import plotly\n",
    "import plotly.express as px"
   ]
  },
  {
   "cell_type": "code",
   "execution_count": 4,
   "metadata": {},
   "outputs": [],
   "source": [
    "data = pd.read_csv('data/table_matches_22.csv')"
   ]
  },
  {
   "cell_type": "code",
   "execution_count": 5,
   "metadata": {},
   "outputs": [
    {
     "data": {
      "text/html": [
       "<div>\n",
       "<style scoped>\n",
       "    .dataframe tbody tr th:only-of-type {\n",
       "        vertical-align: middle;\n",
       "    }\n",
       "\n",
       "    .dataframe tbody tr th {\n",
       "        vertical-align: top;\n",
       "    }\n",
       "\n",
       "    .dataframe thead th {\n",
       "        text-align: right;\n",
       "    }\n",
       "</style>\n",
       "<table border=\"1\" class=\"dataframe\">\n",
       "  <thead>\n",
       "    <tr style=\"text-align: right;\">\n",
       "      <th></th>\n",
       "      <th>Unnamed: 0</th>\n",
       "      <th>id</th>\n",
       "      <th>общая информация</th>\n",
       "      <th>Дата</th>\n",
       "      <th>Команда1</th>\n",
       "      <th>счет1</th>\n",
       "      <th>Команда2</th>\n",
       "      <th>счет2</th>\n",
       "      <th>xG1</th>\n",
       "      <th>xG2</th>\n",
       "      <th>...</th>\n",
       "      <th>Пголы2</th>\n",
       "      <th>Пза матч2</th>\n",
       "      <th>Ппобед2</th>\n",
       "      <th>Пничьи2</th>\n",
       "      <th>Ппорож2</th>\n",
       "      <th>поб1</th>\n",
       "      <th>X</th>\n",
       "      <th>поб2</th>\n",
       "      <th>ТМ 2.5</th>\n",
       "      <th>ТБ 2.5</th>\n",
       "    </tr>\n",
       "  </thead>\n",
       "  <tbody>\n",
       "    <tr>\n",
       "      <th>0</th>\n",
       "      <td>0</td>\n",
       "      <td>1736825</td>\n",
       "      <td>Бундеслига, 1-й тур, регулярный сезон, 05.08.2...</td>\n",
       "      <td>05.08.2022 21:35</td>\n",
       "      <td>Айнтрахт Франкфурт</td>\n",
       "      <td>1</td>\n",
       "      <td>Бавария</td>\n",
       "      <td>6</td>\n",
       "      <td>1.74</td>\n",
       "      <td>4.31</td>\n",
       "      <td>...</td>\n",
       "      <td>15.0</td>\n",
       "      <td>3.0</td>\n",
       "      <td>2.0</td>\n",
       "      <td>2.0</td>\n",
       "      <td>1.0</td>\n",
       "      <td>6.50</td>\n",
       "      <td>5.40</td>\n",
       "      <td>1.51</td>\n",
       "      <td>2.92</td>\n",
       "      <td>1.36</td>\n",
       "    </tr>\n",
       "    <tr>\n",
       "      <th>1</th>\n",
       "      <td>1</td>\n",
       "      <td>1736826</td>\n",
       "      <td>Бундеслига, 1-й тур, регулярный сезон, 06.08.2...</td>\n",
       "      <td>06.08.2022 19:30</td>\n",
       "      <td>Боруссия Дортмунд</td>\n",
       "      <td>1</td>\n",
       "      <td>Байер</td>\n",
       "      <td>0</td>\n",
       "      <td>1.91</td>\n",
       "      <td>1.45</td>\n",
       "      <td>...</td>\n",
       "      <td>11.0</td>\n",
       "      <td>2.2</td>\n",
       "      <td>2.0</td>\n",
       "      <td>1.0</td>\n",
       "      <td>2.0</td>\n",
       "      <td>2.13</td>\n",
       "      <td>4.10</td>\n",
       "      <td>3.45</td>\n",
       "      <td>2.73</td>\n",
       "      <td>1.41</td>\n",
       "    </tr>\n",
       "    <tr>\n",
       "      <th>2</th>\n",
       "      <td>2</td>\n",
       "      <td>1736827</td>\n",
       "      <td>Бундеслига, 1-й тур, регулярный сезон, 06.08.2...</td>\n",
       "      <td>06.08.2022 16:30</td>\n",
       "      <td>Унион Берлин</td>\n",
       "      <td>3</td>\n",
       "      <td>Герта</td>\n",
       "      <td>1</td>\n",
       "      <td>1.45</td>\n",
       "      <td>0.56</td>\n",
       "      <td>...</td>\n",
       "      <td>7.0</td>\n",
       "      <td>1.4</td>\n",
       "      <td>1.0</td>\n",
       "      <td>0.0</td>\n",
       "      <td>4.0</td>\n",
       "      <td>1.87</td>\n",
       "      <td>3.72</td>\n",
       "      <td>4.30</td>\n",
       "      <td>1.92</td>\n",
       "      <td>1.94</td>\n",
       "    </tr>\n",
       "    <tr>\n",
       "      <th>3</th>\n",
       "      <td>3</td>\n",
       "      <td>1736828</td>\n",
       "      <td>Бундеслига, 1-й тур, регулярный сезон, 07.08.2...</td>\n",
       "      <td>07.08.2022 18:30</td>\n",
       "      <td>Кёльн</td>\n",
       "      <td>3</td>\n",
       "      <td>Шальке</td>\n",
       "      <td>1</td>\n",
       "      <td>4.60</td>\n",
       "      <td>0.38</td>\n",
       "      <td>...</td>\n",
       "      <td>12.0</td>\n",
       "      <td>2.4</td>\n",
       "      <td>2.0</td>\n",
       "      <td>2.0</td>\n",
       "      <td>1.0</td>\n",
       "      <td>2.08</td>\n",
       "      <td>3.64</td>\n",
       "      <td>3.58</td>\n",
       "      <td>2.05</td>\n",
       "      <td>1.70</td>\n",
       "    </tr>\n",
       "    <tr>\n",
       "      <th>4</th>\n",
       "      <td>4</td>\n",
       "      <td>1736829</td>\n",
       "      <td>Бундеслига, 1-й тур, регулярный сезон, 06.08.2...</td>\n",
       "      <td>06.08.2022 16:30</td>\n",
       "      <td>Боруссия М</td>\n",
       "      <td>3</td>\n",
       "      <td>Хоффенхайм</td>\n",
       "      <td>1</td>\n",
       "      <td>2.32</td>\n",
       "      <td>0.17</td>\n",
       "      <td>...</td>\n",
       "      <td>11.0</td>\n",
       "      <td>2.2</td>\n",
       "      <td>4.0</td>\n",
       "      <td>1.0</td>\n",
       "      <td>0.0</td>\n",
       "      <td>2.07</td>\n",
       "      <td>3.78</td>\n",
       "      <td>3.48</td>\n",
       "      <td>2.73</td>\n",
       "      <td>1.41</td>\n",
       "    </tr>\n",
       "    <tr>\n",
       "      <th>...</th>\n",
       "      <td>...</td>\n",
       "      <td>...</td>\n",
       "      <td>...</td>\n",
       "      <td>...</td>\n",
       "      <td>...</td>\n",
       "      <td>...</td>\n",
       "      <td>...</td>\n",
       "      <td>...</td>\n",
       "      <td>...</td>\n",
       "      <td>...</td>\n",
       "      <td>...</td>\n",
       "      <td>...</td>\n",
       "      <td>...</td>\n",
       "      <td>...</td>\n",
       "      <td>...</td>\n",
       "      <td>...</td>\n",
       "      <td>...</td>\n",
       "      <td>...</td>\n",
       "      <td>...</td>\n",
       "      <td>...</td>\n",
       "      <td>...</td>\n",
       "    </tr>\n",
       "    <tr>\n",
       "      <th>273</th>\n",
       "      <td>273</td>\n",
       "      <td>1737118</td>\n",
       "      <td>Бундеслига, 33-й тур, регулярный сезон, 21.05....</td>\n",
       "      <td>21.05.2023 18:30</td>\n",
       "      <td>Аугсбург</td>\n",
       "      <td>0</td>\n",
       "      <td>Боруссия Дортмунд</td>\n",
       "      <td>3</td>\n",
       "      <td>0.52</td>\n",
       "      <td>4.55</td>\n",
       "      <td>...</td>\n",
       "      <td>19.0</td>\n",
       "      <td>3.8</td>\n",
       "      <td>3.0</td>\n",
       "      <td>2.0</td>\n",
       "      <td>0.0</td>\n",
       "      <td>6.20</td>\n",
       "      <td>5.60</td>\n",
       "      <td>1.39</td>\n",
       "      <td>3.55</td>\n",
       "      <td>1.28</td>\n",
       "    </tr>\n",
       "    <tr>\n",
       "      <th>274</th>\n",
       "      <td>274</td>\n",
       "      <td>1737119</td>\n",
       "      <td>Бундеслига, 33-й тур, регулярный сезон, 20.05....</td>\n",
       "      <td>20.05.2023 16:30</td>\n",
       "      <td>Герта</td>\n",
       "      <td>1</td>\n",
       "      <td>Бохум</td>\n",
       "      <td>1</td>\n",
       "      <td>1.47</td>\n",
       "      <td>1.42</td>\n",
       "      <td>...</td>\n",
       "      <td>6.0</td>\n",
       "      <td>1.2</td>\n",
       "      <td>1.0</td>\n",
       "      <td>2.0</td>\n",
       "      <td>2.0</td>\n",
       "      <td>2.36</td>\n",
       "      <td>3.70</td>\n",
       "      <td>2.70</td>\n",
       "      <td>2.42</td>\n",
       "      <td>1.55</td>\n",
       "    </tr>\n",
       "    <tr>\n",
       "      <th>275</th>\n",
       "      <td>275</td>\n",
       "      <td>1737120</td>\n",
       "      <td>Бундеслига, 33-й тур, регулярный сезон, 20.05....</td>\n",
       "      <td>20.05.2023 16:30</td>\n",
       "      <td>Шальке</td>\n",
       "      <td>2</td>\n",
       "      <td>Айнтрахт Франкфурт</td>\n",
       "      <td>2</td>\n",
       "      <td>1.00</td>\n",
       "      <td>1.81</td>\n",
       "      <td>...</td>\n",
       "      <td>8.0</td>\n",
       "      <td>1.6</td>\n",
       "      <td>2.0</td>\n",
       "      <td>1.0</td>\n",
       "      <td>2.0</td>\n",
       "      <td>2.75</td>\n",
       "      <td>3.70</td>\n",
       "      <td>2.40</td>\n",
       "      <td>2.33</td>\n",
       "      <td>1.58</td>\n",
       "    </tr>\n",
       "    <tr>\n",
       "      <th>276</th>\n",
       "      <td>276</td>\n",
       "      <td>1737121</td>\n",
       "      <td>Бундеслига, 33-й тур, регулярный сезон, 20.05....</td>\n",
       "      <td>20.05.2023 16:30</td>\n",
       "      <td>Вердер</td>\n",
       "      <td>1</td>\n",
       "      <td>Кёльн</td>\n",
       "      <td>1</td>\n",
       "      <td>1.64</td>\n",
       "      <td>1.17</td>\n",
       "      <td>...</td>\n",
       "      <td>11.0</td>\n",
       "      <td>2.2</td>\n",
       "      <td>3.0</td>\n",
       "      <td>1.0</td>\n",
       "      <td>1.0</td>\n",
       "      <td>2.46</td>\n",
       "      <td>3.65</td>\n",
       "      <td>2.65</td>\n",
       "      <td>2.22</td>\n",
       "      <td>1.64</td>\n",
       "    </tr>\n",
       "    <tr>\n",
       "      <th>277</th>\n",
       "      <td>277</td>\n",
       "      <td>1737122</td>\n",
       "      <td>Бундеслига, 34-й тур, регулярный сезон, 27.05....</td>\n",
       "      <td>27.05.2023 16:30</td>\n",
       "      <td>Боруссия Дортмунд</td>\n",
       "      <td>2</td>\n",
       "      <td>Майнц</td>\n",
       "      <td>2</td>\n",
       "      <td>2.82</td>\n",
       "      <td>1.60</td>\n",
       "      <td>...</td>\n",
       "      <td>6.0</td>\n",
       "      <td>1.2</td>\n",
       "      <td>1.0</td>\n",
       "      <td>0.0</td>\n",
       "      <td>4.0</td>\n",
       "      <td>1.21</td>\n",
       "      <td>7.40</td>\n",
       "      <td>10.00</td>\n",
       "      <td>4.30</td>\n",
       "      <td>1.21</td>\n",
       "    </tr>\n",
       "  </tbody>\n",
       "</table>\n",
       "<p>278 rows × 61 columns</p>\n",
       "</div>"
      ],
      "text/plain": [
       "     Unnamed: 0       id                                   общая информация  \\\n",
       "0             0  1736825  Бундеслига, 1-й тур, регулярный сезон, 05.08.2...   \n",
       "1             1  1736826  Бундеслига, 1-й тур, регулярный сезон, 06.08.2...   \n",
       "2             2  1736827  Бундеслига, 1-й тур, регулярный сезон, 06.08.2...   \n",
       "3             3  1736828  Бундеслига, 1-й тур, регулярный сезон, 07.08.2...   \n",
       "4             4  1736829  Бундеслига, 1-й тур, регулярный сезон, 06.08.2...   \n",
       "..          ...      ...                                                ...   \n",
       "273         273  1737118  Бундеслига, 33-й тур, регулярный сезон, 21.05....   \n",
       "274         274  1737119  Бундеслига, 33-й тур, регулярный сезон, 20.05....   \n",
       "275         275  1737120  Бундеслига, 33-й тур, регулярный сезон, 20.05....   \n",
       "276         276  1737121  Бундеслига, 33-й тур, регулярный сезон, 20.05....   \n",
       "277         277  1737122  Бундеслига, 34-й тур, регулярный сезон, 27.05....   \n",
       "\n",
       "                 Дата            Команда1  счет1            Команда2  счет2  \\\n",
       "0    05.08.2022 21:35  Айнтрахт Франкфурт      1             Бавария      6   \n",
       "1    06.08.2022 19:30   Боруссия Дортмунд      1               Байер      0   \n",
       "2    06.08.2022 16:30        Унион Берлин      3               Герта      1   \n",
       "3    07.08.2022 18:30               Кёльн      3              Шальке      1   \n",
       "4    06.08.2022 16:30          Боруссия М      3          Хоффенхайм      1   \n",
       "..                ...                 ...    ...                 ...    ...   \n",
       "273  21.05.2023 18:30            Аугсбург      0   Боруссия Дортмунд      3   \n",
       "274  20.05.2023 16:30               Герта      1               Бохум      1   \n",
       "275  20.05.2023 16:30              Шальке      2  Айнтрахт Франкфурт      2   \n",
       "276  20.05.2023 16:30              Вердер      1               Кёльн      1   \n",
       "277  27.05.2023 16:30   Боруссия Дортмунд      2               Майнц      2   \n",
       "\n",
       "      xG1   xG2  ...  Пголы2  Пза матч2  Ппобед2  Пничьи2  Ппорож2  поб1  \\\n",
       "0    1.74  4.31  ...    15.0        3.0      2.0      2.0      1.0  6.50   \n",
       "1    1.91  1.45  ...    11.0        2.2      2.0      1.0      2.0  2.13   \n",
       "2    1.45  0.56  ...     7.0        1.4      1.0      0.0      4.0  1.87   \n",
       "3    4.60  0.38  ...    12.0        2.4      2.0      2.0      1.0  2.08   \n",
       "4    2.32  0.17  ...    11.0        2.2      4.0      1.0      0.0  2.07   \n",
       "..    ...   ...  ...     ...        ...      ...      ...      ...   ...   \n",
       "273  0.52  4.55  ...    19.0        3.8      3.0      2.0      0.0  6.20   \n",
       "274  1.47  1.42  ...     6.0        1.2      1.0      2.0      2.0  2.36   \n",
       "275  1.00  1.81  ...     8.0        1.6      2.0      1.0      2.0  2.75   \n",
       "276  1.64  1.17  ...    11.0        2.2      3.0      1.0      1.0  2.46   \n",
       "277  2.82  1.60  ...     6.0        1.2      1.0      0.0      4.0  1.21   \n",
       "\n",
       "        X   поб2  ТМ 2.5  ТБ 2.5  \n",
       "0    5.40   1.51    2.92    1.36  \n",
       "1    4.10   3.45    2.73    1.41  \n",
       "2    3.72   4.30    1.92    1.94  \n",
       "3    3.64   3.58    2.05    1.70  \n",
       "4    3.78   3.48    2.73    1.41  \n",
       "..    ...    ...     ...     ...  \n",
       "273  5.60   1.39    3.55    1.28  \n",
       "274  3.70   2.70    2.42    1.55  \n",
       "275  3.70   2.40    2.33    1.58  \n",
       "276  3.65   2.65    2.22    1.64  \n",
       "277  7.40  10.00    4.30    1.21  \n",
       "\n",
       "[278 rows x 61 columns]"
      ]
     },
     "execution_count": 5,
     "metadata": {},
     "output_type": "execute_result"
    }
   ],
   "source": [
    "data"
   ]
  },
  {
   "attachments": {},
   "cell_type": "markdown",
   "metadata": {},
   "source": []
  },
  {
   "cell_type": "code",
   "execution_count": 6,
   "metadata": {},
   "outputs": [
    {
     "name": "stderr",
     "output_type": "stream",
     "text": [
      "C:\\Users\\Lenovo\\AppData\\Local\\Temp\\ipykernel_15756\\3993961649.py:2: FutureWarning: The default value of numeric_only in DataFrame.corr is deprecated. In a future version, it will default to False. Select only valid columns or specify the value of numeric_only to silence this warning.\n",
      "  data.corr(),\n"
     ]
    },
    {
     "data": {
      "application/vnd.plotly.v1+json": {
       "config": {
        "plotlyServerURL": "https://plot.ly"
       },
       "data": [
        {
         "coloraxis": "coloraxis",
         "hovertemplate": "x: %{x}<br>y: %{y}<br>color: %{z}<extra></extra>",
         "name": "0",
         "texttemplate": "%{z}",
         "type": "heatmap",
         "x": [
          "Unnamed: 0",
          "id",
          "счет1",
          "счет2",
          "xG1",
          "xG2",
          "Удары1",
          "Удары2",
          "Удары в створ1",
          "Удары в створ2",
          "Сейвы1",
          "Сейвы2",
          "Владение %1",
          "Владение %2",
          "Угловые1",
          "Угловые2",
          "Нарушения1",
          "Нарушения2",
          "Офсайды1",
          "Офсайды2",
          "Желтые карточки1",
          "Желтые карточки2",
          "Красные карточки1",
          "Красные карточки2",
          "Атаки1",
          "Атаки2",
          "Опасные атаки1",
          "Опасные атаки2",
          "Передачи1",
          "Передачи2",
          "Точность передач %1",
          "Точность передач %2",
          "Штрафные удары1",
          "Штрафные удары2",
          "Вбрасывания1",
          "Вбрасывания2",
          "Навесы1",
          "Навесы2",
          "Пголы1",
          "Пза матч1",
          "Ппобед1",
          "Пничьи1",
          "Ппорож1",
          "Пголы2",
          "Пза матч2",
          "Ппобед2",
          "Пничьи2",
          "Ппорож2",
          "поб1",
          "X",
          "поб2",
          "ТМ 2.5",
          "ТБ 2.5"
         ],
         "xaxis": "x",
         "y": [
          "Unnamed: 0",
          "id",
          "счет1",
          "счет2",
          "xG1",
          "xG2",
          "Удары1",
          "Удары2",
          "Удары в створ1",
          "Удары в створ2",
          "Сейвы1",
          "Сейвы2",
          "Владение %1",
          "Владение %2",
          "Угловые1",
          "Угловые2",
          "Нарушения1",
          "Нарушения2",
          "Офсайды1",
          "Офсайды2",
          "Желтые карточки1",
          "Желтые карточки2",
          "Красные карточки1",
          "Красные карточки2",
          "Атаки1",
          "Атаки2",
          "Опасные атаки1",
          "Опасные атаки2",
          "Передачи1",
          "Передачи2",
          "Точность передач %1",
          "Точность передач %2",
          "Штрафные удары1",
          "Штрафные удары2",
          "Вбрасывания1",
          "Вбрасывания2",
          "Навесы1",
          "Навесы2",
          "Пголы1",
          "Пза матч1",
          "Ппобед1",
          "Пничьи1",
          "Ппорож1",
          "Пголы2",
          "Пза матч2",
          "Ппобед2",
          "Пничьи2",
          "Ппорож2",
          "поб1",
          "X",
          "поб2",
          "ТМ 2.5",
          "ТБ 2.5"
         ],
         "yaxis": "y",
         "z": [
          [
           1,
           0.9995876272573329,
           0.12694094414993923,
           -0.028348382944706388,
           0.005877827865425116,
           0.022936620732177906,
           -0.008328419298948295,
           -0.0068346626466127425,
           0.024051662394701242,
           -0.018121568365153586,
           0.0042774175091406744,
           -0.03784163374330807,
           -0.05635886317480948,
           0.05635886317480948,
           0.011544206065309029,
           -0.014099994463014038,
           -0.0716382012974414,
           0.04008144644181831,
           -0.06319653335614403,
           -0.1255675408949876,
           0.05757298876372402,
           0.06229870089187939,
           0.04771966058552595,
           -0.09613522517137632,
           -0.008130848762873066,
           0.04055283372060937,
           0.022257288464947105,
           0.0667500329845413,
           -0.011971465485898423,
           0.056325627116020266,
           -0.010731541432906676,
           0.08487475979004123,
           0.04593102235320309,
           -0.06277321513999032,
           -0.04187583327553535,
           -0.06108710521990541,
           0.009271125274753,
           0.026305023887709795,
           -0.15379966481559884,
           -0.1537996648155998,
           -0.13337200406290964,
           0.04823848126033012,
           0.09124725089159028,
           -0.15690452525986986,
           -0.1569045252598697,
           -0.10211502221478706,
           0.03377302845388614,
           0.07099969239138618,
           -0.03111261906117044,
           -0.014168958662371249,
           0.009788539414536057,
           -0.0022309547176589234,
           0.04439455408926266
          ],
          [
           0.9995876272573329,
           1,
           0.1293389337118329,
           -0.027076238706249325,
           0.006183817573117067,
           0.021193604117720647,
           -0.005795659685567733,
           -0.004340352911632379,
           0.026181546878494492,
           -0.016190189489645547,
           0.00561920948988582,
           -0.03695156275742525,
           -0.05482150576604215,
           0.05482150576604215,
           0.011815384483431434,
           -0.012653459167551437,
           -0.07144506618877834,
           0.04451926738837372,
           -0.062976238610819,
           -0.1299196961779609,
           0.05494001952141474,
           0.06174367282522279,
           0.048905620691946795,
           -0.09596020261591887,
           -0.012676812129425988,
           0.04010412352711169,
           0.021608854708289514,
           0.06501875328827529,
           -0.011392613475808857,
           0.05461148750392245,
           -0.007288501646519987,
           0.08521265174096812,
           0.04982886864186674,
           -0.06020512342473156,
           -0.04467942626204431,
           -0.06400932217422034,
           0.009416533592659105,
           0.02622757570336385,
           -0.14896601244000285,
           -0.14896601244000424,
           -0.1306584821521574,
           0.046199335960961485,
           0.09022198766257797,
           -0.15133613015103436,
           -0.15133613015103403,
           -0.099678780817431,
           0.030540672102749817,
           0.07133517723285321,
           -0.031822051964396234,
           -0.010122051321834065,
           0.011828899170779178,
           0.005812848251268515,
           0.035261819360776346
          ],
          [
           0.12694094414993923,
           0.1293389337118329,
           1,
           -0.099312197869805,
           0.32162789544599857,
           -0.09227812664456574,
           0.34901646020794463,
           -0.18425326240115608,
           0.5513905764625788,
           -0.12946709025849096,
           -0.09789025011429169,
           0.17379818528906374,
           0.1424205228894102,
           -0.1424205228894102,
           0.0628461692547912,
           -0.010863055325857246,
           -0.03735147427401347,
           0.10723571627860783,
           -0.036197735844757425,
           -0.20080191281841417,
           -0.12660455287185446,
           0.03710606994034838,
           -0.08556026829266787,
           -0.00006284676087368687,
           -0.09084893184718637,
           -0.15048815067667098,
           -0.027118428779140204,
           -0.1289780222175356,
           0.14075860175815816,
           -0.05319065897751449,
           0.16832807394446825,
           0.0749874712984237,
           0.035202258515404115,
           -0.06543731728727692,
           -0.14343581361153296,
           -0.11656378151412568,
           -0.09939369593885476,
           0.0574917951355879,
           -0.06859382459021864,
           -0.06859382459021858,
           -0.00813077869673864,
           0.07876145192881112,
           -0.05402158014373993,
           -0.14686745243427873,
           -0.1468674524342788,
           -0.1785563598028724,
           0.05786670387016113,
           0.12514236022261174,
           -0.2560141916244418,
           0.1229534260768933,
           0.2782511347172585,
           0.14338645365162903,
           -0.09865921074589362
          ],
          [
           -0.028348382944706388,
           -0.027076238706249325,
           -0.099312197869805,
           1,
           -0.11337167502509528,
           0.2869628617194926,
           -0.1194279486930276,
           0.25586216089250846,
           -0.1328350826489389,
           0.5039012960243384,
           -0.004420578770309548,
           -0.1146562082241223,
           -0.07096204712921458,
           0.07096204712921458,
           -0.01324390770660119,
           -0.02980719969861373,
           0.004043268914089696,
           0.01923165798620844,
           0.12486526483484804,
           0.06848981295599504,
           0.11366215946077673,
           0.006101873098058066,
           0.03663831274065195,
           -0.05467302923515601,
           -0.11470388706649762,
           -0.02754140741665832,
           -0.07499464748330646,
           -0.05691512933242782,
           -0.0717211438897379,
           -0.039057426726330065,
           -0.03976687771329315,
           -0.0027244074926331776,
           -0.00923781741798009,
           0.05600583375305159,
           0.06751674709714009,
           -0.1279018052125767,
           0.09327506099773047,
           -0.14578837503681238,
           0.1412197230562944,
           0.14121972305629457,
           0.0745211818110289,
           -0.03540752334027859,
           -0.04434013090703237,
           0.10819766427482302,
           0.10819766427482312,
           0.038984158601555956,
           0.009399578230948977,
           -0.04574910435242967,
           0.2592128766351582,
           -0.006264841269457813,
           -0.1790749902552983,
           0.003292128364032453,
           0.00743827501132213
          ],
          [
           0.005877827865425116,
           0.006183817573117067,
           0.32162789544599857,
           -0.11337167502509528,
           1,
           0.3781786768802057,
           0.22657113756861466,
           -0.33140663283807875,
           0.2441487557721943,
           -0.22142513342586972,
           -0.14860112718802046,
           0.3603471874093817,
           0.17425205400590676,
           -0.17425205400590676,
           0.19957537192798525,
           -0.13960569331048106,
           -0.035345277993981454,
           -0.050042874724625104,
           0.02889365496498012,
           -0.20896280243188153,
           -0.004160846385988562,
           0.10317639796038912,
           0.047661723008172174,
           0.03332264270841128,
           0.15239853270505993,
           -0.1768628642256758,
           0.18690926672883845,
           -0.13105764230828396,
           0.2610356584952861,
           -0.03713282971597926,
           0.20717805681494642,
           -0.008243418320911872,
           -0.11969933604713534,
           -0.0021147968500702533,
           -0.07934845502706965,
           -0.004672980472551418,
           0.06869309027756776,
           -0.12149766738474108,
           -0.04261018649815686,
           -0.042610186498156816,
           0.0011665634896609284,
           -0.01603531014920025,
           0.011471793058370717,
           -0.024818569391903415,
           -0.02481856939190336,
           -0.1239335397355053,
           0.00493318007848701,
           0.11632373133602746,
           -0.17764120112457815,
           0.07502110193381045,
           0.1866211731829823,
           0.06252665679192418,
           0.016153111571027466
          ],
          [
           0.022936620732177906,
           0.021193604117720647,
           -0.09227812664456574,
           0.2869628617194926,
           0.3781786768802057,
           1,
           -0.3065306095423314,
           0.2273216046994692,
           -0.2299559124572206,
           0.3313877860313632,
           0.20608681292612094,
           -0.13487936768722836,
           -0.15025080406237504,
           0.15025080406237504,
           -0.10088398506796921,
           0.20969816672650693,
           0.037048189772641356,
           -0.01085279893552603,
           0.05950737196677481,
           -0.028577758215155333,
           0.18785933322336001,
           -0.08614612195443198,
           0.17833528052529163,
           -0.073688088159511,
           -0.12198590546665737,
           0.16889450801651168,
           -0.1356043984528585,
           0.2888123042806308,
           -0.10461799751104527,
           0.1715642315934469,
           -0.10890636334858421,
           0.03925655454295394,
           0.0019035460980076468,
           0.07167351850959039,
           -0.06922770857175681,
           -0.09260080617556633,
           -0.13386888877997383,
           0.11018245963539999,
           -0.07063364507316686,
           -0.07063364507316687,
           -0.06603628964120194,
           0.12527918544899896,
           -0.03450291554628235,
           0.08573942123382494,
           0.08573942123382494,
           0.02664806356328837,
           0.05141933293681761,
           -0.06890114681422617,
           0.24227104508184108,
           -0.09306944669824808,
           -0.2293892313347626,
           -0.10349232965849128,
           0.1782806897699782
          ],
          [
           -0.008328419298948295,
           -0.005795659685567733,
           0.34901646020794463,
           -0.1194279486930276,
           0.22657113756861466,
           -0.3065306095423314,
           1,
           -0.2597705353097351,
           0.810228483150797,
           -0.17165255973676682,
           -0.12598999139439387,
           0.7575159947113551,
           0.43143462349190986,
           -0.43143462349190986,
           0.4842377315392041,
           -0.3070528971740743,
           -0.12842105858334057,
           -0.021056232865181844,
           0.11661898359262049,
           -0.16273328042047777,
           -0.2247109010380452,
           0.07070892554975972,
           -0.20982027999400432,
           0.05653186724877022,
           0.30662857119319853,
           -0.467836848162484,
           0.5687986966452931,
           -0.36336457066716865,
           0.34054203016810686,
           -0.3965266856789132,
           0.3588844424095129,
           -0.2181780787279062,
           -0.14785504803097554,
           -0.08130034357953274,
           -0.043466516916757715,
           -0.171754865173216,
           0.4453869025834982,
           -0.2508453733883139,
           0.2684509703055912,
           0.26845097030559156,
           0.2569409506639565,
           -0.11588272489620999,
           -0.157751161550661,
           -0.024621623495520398,
           -0.02462162349552039,
           -0.12359846934351766,
           -0.11707414563854777,
           0.21803341662943895,
           -0.30224549989627175,
           0.40722772898683135,
           0.5056146274581914,
           0.428552417892442,
           -0.3500878146407205
          ],
          [
           -0.0068346626466127425,
           -0.004340352911632379,
           -0.18425326240115608,
           0.25586216089250846,
           -0.33140663283807875,
           0.2273216046994692,
           -0.2597705353097351,
           1,
           -0.1846522614609125,
           0.7279254592240079,
           0.6981065623985531,
           -0.18788797431576088,
           -0.48747066276959233,
           0.48747066276959233,
           -0.2671066309122312,
           0.49121195924671807,
           -0.03826525419061067,
           -0.13370577184901114,
           -0.02806549968455827,
           0.1393399043191044,
           0.08298323369191694,
           -0.1776008885262119,
           0.0632512581993479,
           -0.058426111440091785,
           -0.4828145898577187,
           0.4715308804374841,
           -0.4203797462934902,
           0.564524267412818,
           -0.5167633776298339,
           0.3976867768102528,
           -0.38401704899011,
           0.15281877003682304,
           -0.050257934181448916,
           -0.0838282340204654,
           -0.22537187673796308,
           -0.04253416314731071,
           -0.3264360802354185,
           0.372271604174112,
           0.06696928538230087,
           0.06696928538230092,
           0.0800949864514168,
           -0.005112668552121972,
           -0.0735451952957492,
           0.24819233428170037,
           0.2481923342817002,
           0.18333895518784313,
           -0.05365760209042041,
           -0.13331059450596122,
           0.4812935300595945,
           -0.03223936097647337,
           -0.3697223622752434,
           0.002177688147178038,
           -0.05477035005915956
          ],
          [
           0.024051662394701242,
           0.026181546878494492,
           0.5513905764625788,
           -0.1328350826489389,
           0.2441487557721943,
           -0.2299559124572206,
           0.810228483150797,
           -0.1846522614609125,
           1,
           -0.08269165974299192,
           -0.020099533343905084,
           0.8851863781634901,
           0.3275239802587735,
           -0.3275239802587735,
           0.34842893805947833,
           -0.190422719998794,
           -0.08274119446694492,
           -0.005381055288442677,
           0.15803051018791958,
           -0.18423303538734243,
           -0.14648372354358224,
           0.08523151895793533,
           -0.16417615794882656,
           0.013365788350487068,
           0.19680956407739789,
           -0.42155637100455406,
           0.4041402546807879,
           -0.29945910347458854,
           0.3037524186804136,
           -0.28274871750323993,
           0.3461566273557593,
           -0.12396447738504228,
           -0.11920697783806956,
           -0.01767623684289753,
           -0.13916243228841113,
           -0.2338759118063738,
           0.25643578246381094,
           -0.17688422464296788,
           0.18205545788346478,
           0.18205545788346486,
           0.20894047113041603,
           -0.06890084130902423,
           -0.14818916709686103,
           0.019213902317693026,
           0.019213902317693012,
           -0.08079006888954954,
           -0.12597685015741625,
           0.18387387246814837,
           -0.28788075910552036,
           0.40460299817745854,
           0.5006258420578209,
           0.41746423787494286,
           -0.34216744208906485
          ],
          [
           -0.018121568365153586,
           -0.016190189489645547,
           -0.12946709025849096,
           0.5039012960243384,
           -0.22142513342586972,
           0.3313877860313632,
           -0.17165255973676682,
           0.7279254592240079,
           -0.08269165974299192,
           1,
           0.8442902407151263,
           -0.08505495713406186,
           -0.29822380704167206,
           0.29822380704167206,
           -0.10575463780091178,
           0.2887471388604484,
           -0.01766527217839249,
           -0.12323189866070133,
           0.05526316709768343,
           0.09957923564500197,
           0.09063307832518136,
           -0.09516939836482564,
           0.035147985906664694,
           -0.05734667403402161,
           -0.3207206211547204,
           0.21996067352522067,
           -0.2160646946006924,
           0.26088660263859353,
           -0.31266817724965745,
           0.2232954442572669,
           -0.24822566754961686,
           0.11781093711969085,
           -0.10843086648051345,
           -0.023805394481764434,
           -0.07965932566569875,
           -0.1877476867053692,
           -0.11704211132666373,
           0.11023228958012757,
           0.14935722956039957,
           0.14935722956039965,
           0.14119334326255653,
           0.03582107399065692,
           -0.16488022902589888,
           0.1686387521346149,
           0.1686387521346149,
           0.18398939269419876,
           -0.08528514727675636,
           -0.10749247216401334,
           0.3803665098167248,
           -0.04456289125328193,
           -0.31016593233098744,
           -0.019026650329077067,
           0.015802010790247633
          ],
          [
           0.0042774175091406744,
           0.00561920948988582,
           -0.09789025011429169,
           -0.004420578770309548,
           -0.14860112718802046,
           0.20608681292612094,
           -0.12598999139439387,
           0.6981065623985531,
           -0.020099533343905084,
           0.8442902407151263,
           1,
           -0.009841225262533558,
           -0.3195496485501535,
           0.3195496485501535,
           -0.11561326294611449,
           0.361728259691301,
           0.0025849803799408385,
           -0.1626043151840797,
           -0.006377730391450008,
           0.06628027440125747,
           0.07944151218046809,
           -0.09954778230184111,
           0.060736091408463914,
           -0.03992536940920082,
           -0.30918036700256935,
           0.2720205361889805,
           -0.20483355912439913,
           0.3325386280165986,
           -0.32887184645223905,
           0.3006796860505875,
           -0.2716114817726188,
           0.1496202288823902,
           -0.1228074939399468,
           -0.03631106685791383,
           -0.15383606886120046,
           -0.1431139675824382,
           -0.19646174579224238,
           0.22017917558918268,
           0.09834937386980461,
           0.09834937386980458,
           0.13902565349041537,
           0.04049180165765478,
           -0.16645159357186212,
           0.1151869665107262,
           0.11518696651072617,
           0.17602257067114177,
           -0.11312517497609377,
           -0.07646686860490688,
           0.28257595370265776,
           -0.04329205613174386,
           -0.25007195331794824,
           -0.014232086178971804,
           -0.00583827053252289
          ],
          [
           -0.03784163374330807,
           -0.03695156275742525,
           0.17379818528906374,
           -0.1146562082241223,
           0.3603471874093817,
           -0.13487936768722836,
           0.7575159947113551,
           -0.18788797431576088,
           0.8851863781634901,
           -0.08505495713406186,
           -0.009841225262533558,
           1,
           0.3084718502213443,
           -0.3084718502213443,
           0.3985127190802227,
           -0.2406496198734026,
           -0.08038095585826512,
           -0.0870672956339358,
           0.21302123698444445,
           -0.1543408605381616,
           -0.09279982599968767,
           0.1063574564050087,
           -0.128928596635506,
           0.004171468472913732,
           0.28825771680006196,
           -0.42187481830670176,
           0.4900592554443402,
           -0.302858242851831,
           0.31158702255627274,
           -0.2765825739772354,
           0.3314160152528318,
           -0.17037030345209336,
           -0.18324237913068767,
           0.018795444784551835,
           -0.0966566901955679,
           -0.1727508428420932,
           0.34946733767028115,
           -0.24841696070148836,
           0.22048580809408488,
           0.22048580809408494,
           0.23517974631154046,
           -0.1407783164474701,
           -0.11711346778730743,
           0.10600881752232187,
           0.10600881752232205,
           -0.025058353982409902,
           -0.16802264863234903,
           0.164872064241334,
           -0.22622640935319446,
           0.39832239819736504,
           0.44850476055424143,
           0.3990204809719858,
           -0.32103585616346203
          ],
          [
           -0.05635886317480948,
           -0.05482150576604215,
           0.1424205228894102,
           -0.07096204712921458,
           0.17425205400590676,
           -0.15025080406237504,
           0.43143462349190986,
           -0.48747066276959233,
           0.3275239802587735,
           -0.29822380704167206,
           -0.3195496485501535,
           0.3084718502213443,
           1,
           -1,
           0.3894720133550746,
           -0.41422534536583994,
           -0.2691928971237912,
           0.13934507985089445,
           0.09229218919992853,
           -0.009357431634330966,
           -0.18008051883386952,
           0.16754416340149322,
           -0.0937247441559019,
           0.16865626108721504,
           0.6140197370871997,
           -0.6545467120376196,
           0.48899969573228286,
           -0.5073729485209393,
           0.7963922962702569,
           -0.8358834281408178,
           0.6646340433439679,
